
hello world
A9 EC 8D 0C 00 AC 0C 00 A2 02 FF 00 00 00 00 00 00 00 00 00 00 00 00 00 00 00 00 00 00 00 00 00 00 00 00 00 00 00 00 00 00 00 00 00 00 00 00 00 00 00 00 00 00 00 00 00 00 00 00 00 00 00 00 00 00 00 00 00 00 00 00 00 00 00 00 00 00 00 00 00 00 00 00 00 00 00 00 00 00 00 00 00 00 00 00 00 00 00 00 00 00 00 00 00 00 00 00 00 00 00 00 00 00 00 00 00 00 00 00 00 00 00 00 00 00 00 00 00 00 00 00 00 00 00 00 00 00 00 00 00 00 00 00 00 00 00 00 00 00 00 00 00 00 00 00 00 00 00 00 00 00 00 00 00 00 00 00 00 00 00 00 00 00 00 00 00 00 00 00 00 00 00 00 00 00 00 00 00 00 00 00 00 00 00 00 00 00 00 00 00 00 00 00 00 00 00 00 00 00 00 00 00 00 00 00 00 00 00 00 00 00 00 00 00 00 00 00 00 00 00 00 00 00 00 00 00 68 65 6C 6C 6F 20 66 75 63 6B 69 6E 67 20 77 6F 72 6C 64 00


count to 2 and print done
A9 03 8D 41 00 A9 01 8D 40 00 AC 40 00 A2 01 FF EE 40 00 AE 40 00 EC 41 00 D0 EF A9 44 8D 42 00 A9 4F 8D 43 00 A9 4E 8D 44 00 A9 45 8D 45 00 A9 00 8D 46 00 A2 02 A0 42 FF 00


prints 2 and 5
A9 00 8D 00 00 A9 00 8D 3B 00 A9 01 8D 3B 00 A9 00 8D 3C 00 A9 02 8D 3C 00 A9 01 6D 3B 00 8D 3B 00 A9 03 6D 3C 00 8D 3C 00 AC 3B 00 A2 01 FF A0 3D A2 02 FF AC 3C 00 A2 01 FF 00 00 00 20 61 6E 64 20 00


prints counting 0 counting 1 hello world counting 0
A9 00 8D 00 00 A9 00 8D 4B 00 A9 00 8D 4B 00 A2 03 EC 4B 00 D0 07 A2 01 EC 00 00 D0 05 A2 00 EC 00 00 D0 26 A0 4C A2 02 FF AC 4B 00 A2 01 FF A9 01 6D 4B 00 8D 4B 00 A2 02 EC 4B 00 D0 05 A0 55 A2 02 FF A2 01 EC 00 00 D0 C5 00 00 63 6F 75 6E 74 69 6E 67 00 68 65 6C 6C 6F 20 77 6F 72 6C 64 00


memory eater
A9 AD A2 A9 EC 10 00 8D 10 00 EE 08 00 D0 F8 00 00
